1
2
23
34
4
5
3
34
34
3
4
34
34
3
4
3
4
34
23
23
23
5
6
23
1
2
3
4
5
6
7
8
9
8
76
54
32
12
34
5
67
876
34
64
234
54
23
23
34
45
56
67
78
89
09
98
87
76
65
54
43
32
23
34
56
6
789
65
45
3
455
6
778
56
45
345
65
78
64
543
56
6
778
67
56
45
45
56
67
67
78
56
56
45
45
56
67
6
88
78
678
56
56
45
45
46
67
68
8
56
56
56
45
45
57
6
767
45
45
56
67
67
5
45
45
57
6
767
4
45
45
56
5
767
6
767
45
45
45
45
56
6
767
68
67
45
45
4
545
5
767
67
56
45
45
45
56
67
67
67
56
45
45
45
57
67
67
5
454
45
45
45
56
6
76
76
767
67
56
45
45
45
45
5
76
67
67
67
67
56
45
3
453
45
56
56
5
656
56
24
